1   602
2   534
3   556
4   524
5   471
6   515
7   464
8   463
9   479
10   482
11   447
12   446
13   457
14   477
15   480
16   442
17   437
18   447
19   446
20   421
21   427
22   471
23   426
24   421
25   428
26   427
27   349
28   400
29   350
30   402
31   379
32   365
33   414
34   374
35   347
36   346
37   379
38   392
39   342
40   373
41   352
42   335
43   331
44   364
45   366
46   334
47   332
48   350
49   314
50   304
51   285
52   337
53   265
54   309
55   306
56   290
57   290
58   313
59   290
60   309
61   289
62   278
63   269
64   298
65   300
66   290
67   279
68   264
69   249
70   244
71   241
72   226
73   220
74   217
75   254
76   251
77   246
78   234
79   241
80   227
81   205
82   216
83   214
84   169
85   207
86   215
87   216
88   218
89   185
90   205
91   191
92   196
93   176
94   210
95   186
96   176
97   180
98   167
99   175
100   163
101   162
102   177
103   167
104   180
105   175
106   170
107   147
108   144
109   147
110   162
111   147
112   134
113   131
114   140
115   135
116   137
117   150
118   153
119   135
120   143
121   112
122   145
123   143
124   128
125   127
126   108
127   111
128   114
129   101
130   121
131   136
132   118
133   101
134   113
135   102
136   113
137   95
138   92
139   103
140   106
141   112
142   107
143   87
144   83
145   80
146   82
147   104
148   103
149   76
150   83
151   89
152   90
153   78
154   74
155   72
156   79
157   84
158   83
159   93
160   69
161   63
162   77
163   63
164   73
165   67
166   52
167   69
168   64
169   59
170   63
171   53
172   67
173   70
174   48
175   60
176   67
177   53
178   58
179   51
180   62
181   44
182   45
183   59
184   54
185   48
186   40
187   37
188   52
189   51
190   48
191   49
192   50
193   39
194   45
195   41
196   51
197   34
198   40
199   44
200   48
201   38
202   35
203   44
204   34
205   20
206   25
207   34
208   41
209   27
210   34
211   29
212   42
213   34
214   27
215   20
216   25
217   40
218   33
219   28
220   32
221   40
222   23
223   21
224   29
225   37
226   30
227   33
228   32
229   28
230   36
231   19
232   21
233   24
234   30
235   16
236   23
237   18
238   27
239   20
240   21
241   13
242   17
243   16
244   12
245   20
246   17
247   18
248   21
249   18
250   16
251   21
252   22
253   28
254   15
255   15
256   19
257   16
258   19
259   21
260   14
261   13
262   17
263   16
264   15
265   12
266   14
267   16
268   14
269   13
270   10
271   12
272   11
273   12
274   14
275   11
276   11
277   12
278   13
279   14
280   14
281   12
282   10
283   9
284   11
285   8
286   11
287   8
288   9
289   15
290   15
291   8
292   6
293   7
294   9
295   10
296   6
297   5
298   7
299   13
300   10
301   3
302   9
303   4
304   12
305   7
306   7
307   7
308   7
309   9
310   9
311   13
312   12
313   8
314   6
315   7
316   6
317   5
318   5
319   3
320   9
321   3
322   2
323   6
324   0
325   5
326   3
327   4
328   2
329   7
330   5
331   4
332   8
333   1
334   11
335   7
336   4
337   6
338   4
339   2
340   4
341   4
342   4
343   7
344   8
345   2
346   7
347   4
348   3
349   3
350   4
351   4
352   4
353   2
354   7
355   6
356   3
357   3
358   2
359   7
360   3
361   1
362   5
363   2
364   2
365   2
366   4
367   3
368   5
369   4
370   3
371   2
372   1
373   2
374   2
375   1
376   1
377   4
378   4
379   1
380   1
381   1
382   4
383   4
384   1
385   3
386   1
387   1
388   1
389   1
390   2
391   2
392   1
393   2
394   1
395   2
396   2
397   1
398   1
399   2
400   2