1   370
2   386
3   411
4   453
5   465
6   474
7   477
8   505
9   516
10   500
11   497
12   506
13   487
14   509
15   529
16   518
17   575
18   478
19   500
20   533
21   533
22   546
23   486
24   505
25   516
26   500
27   541
28   480
29   475
30   532
31   504
32   460
33   461
34   480
35   453
36   516
37   481
38   471
39   457
40   445
41   422
42   431
43   481
44   472
45   453
46   450
47   442
48   441
49   464
50   409
51   409
52   415
53   401
54   419
55   432
56   425
57   386
58   418
59   392
60   426
61   423
62   389
63   412
64   409
65   368
66   395
67   351
68   323
69   382
70   361
71   322
72   345
73   339
74   341
75   299
76   323
77   355
78   337
79   327
80   335
81   299
82   303
83   287
84   291
85   317
86   293
87   280
88   272
89   283
90   294
91   278
92   303
93   280
94   278
95   261
96   265
97   241
98   272
99   251
100   274
101   264
102   238
103   242
104   227
105   250
106   240
107   229
108   227
109   234
110   247
111   232
112   205
113   200
114   193
115   211
116   181
117   185
118   197
119   204
120   210
121   170
122   184
123   196
124   161
125   198
126   190
127   164
128   167
129   178
130   198
131   170
132   149
133   160
134   170
135   148
136   125
137   162
138   143
139   167
140   145
141   149
142   156
143   137
144   132
145   134
146   127
147   157
148   137
149   127
150   121
151   117
152   119
153   139
154   126
155   111
156   100
157   101
158   114
159   96
160   122
161   88
162   121
163   107
164   116
165   115
166   89
167   99
168   92
169   95
170   93
171   78
172   85
173   111
174   83
175   93
176   84
177   82
178   73
179   99
180   89
181   54
182   82
183   77
184   86
185   77
186   69
187   73
188   54
189   70
190   55
191   75
192   65
193   63
194   81
195   61
196   67
197   66
198   64
199   67
200   52
201   81
202   55
203   56
204   54
205   50
206   58
207   45
208   43
209   49
210   51
211   70
212   39
213   46
214   58
215   62
216   55
217   40
218   48
219   50
220   37
221   53
222   42
223   45
224   43
225   39
226   43
227   34
228   48
229   36
230   37
231   51
232   46
233   43
234   41
235   30
236   35
237   41
238   34
239   31
240   36
241   29
242   35
243   46
244   23
245   32
246   42
247   30
248   29
249   24
250   31
251   15
252   26
253   29
254   28
255   25
256   23
257   23
258   33
259   26
260   25
261   27
262   30
263   15
264   28
265   29
266   20
267   22
268   23
269   26
270   28
271   23
272   17
273   23
274   17
275   29
276   18
277   23
278   15
279   13
280   23
281   22
282   18
283   20
284   18
285   22
286   17
287   12
288   19
289   23
290   12
291   18
292   19
293   11
294   11
295   14
296   15
297   14
298   21
299   13
300   11
301   12
302   10
303   15
304   14
305   13
306   11
307   16
308   16
309   11
310   17
311   13
312   10
313   12
314   11
315   11
316   13
317   11
318   7
319   11
320   10
321   8
322   10
323   7
324   6
325   4
326   8
327   11
328   10
329   13
330   10
331   8
332   6
333   6
334   10
335   4
336   9
337   7
338   9
339   9
340   7
341   3
342   5
343   14
344   11
345   8
346   6
347   5
348   9
349   5
350   8
351   7
352   7
353   5
354   5
355   3
356   4
357   7
358   2
359   3
360   9
361   4
362   4
363   7
364   5
365   7
366   4
367   9
368   4
369   6
370   6
371   4
372   6
373   5
374   3
375   4
376   3
377   3
378   8
379   9
380   3
381   3
382   5
383   4
384   2
385   1
386   2
387   1
388   3
389   4
390   5
391   2
392   1
393   4
394   2
395   5
396   4
397   2
398   2
399   3
400   3